Instance name: tsp_slides
Dimension: 10

Distance matrix:
0.0 897.39 192.26 492.37 286.74 506.97 470.66 818.26 277.09 593.1
897.39 0.0 884.32 659.41 616.61 390.58 583.11 102.31 1079.3 496.91
192.26 884.32 0.0 625.1 344.14 506.74 359.24 821.68 195.0 686.39
492.37 659.41 625.1 0.0 312.13 398.93 630.05 557.5 767.15 172.19
286.74 616.61 344.14 312.13 0.0 231.24 337.34 533.43 519.64 343.04
506.97 390.58 506.74 398.93 231.24 0.0 293.29 316.89 699.81 315.91
470.66 583.11 359.24 630.05 337.34 293.29 0.0 548.2 542.2 594.75
818.26 102.31 821.68 557.5 533.43 316.89 548.2 0.0 1015.7 394.61
277.09 1079.3 195.0 767.15 519.64 699.81 542.2 1015.7 0.0 853.56
593.1 496.91 686.39 172.19 343.04 315.91 594.75 394.61 853.56 0.0
